 Prediction: [94.08000338 93.90440222 94.14983412 ... 73.9449591  74.46561751
 75.08746784], Actual: 0       91.7473
1       91.8580
2       91.8593
3       91.8606
4       91.8686
5       91.8949
6       91.9212
7       91.9155
8       91.7948
9       91.6741
10      91.5645
11      91.5086
12      91.4525
13      91.3819
14      91.2051
15      91.0283
16      90.8514
17      90.6730
18      90.4946
19      90.3234
20      90.4241
21      90.5248
22      90.6257
23      90.8130
24      91.0024
25      91.1920
26      91.4572
27      91.7283
28      91.9991
29      92.1395
         ...   
8970    72.3283
8971    72.3147
8972    72.3162
8973    72.3234
8974    72.3551
8975    72.3898
8976    72.4098
8977    72.3414
8978    72.2619
8979    72.1771
8980    72.0424
8981    71.9015
8982    71.8171
8983    71.7670
8984    71.8834
8985    71.9998
8986    72.1163
8987    72.2328
8988    72.3493
8989    72.4660
8990    72.6445
8991    72.9323
8992    73.2202
8993    73.5082
8994    73.7963
8995    74.0842
8996    74.3723
8997    74.7187
8998    75.0907
8999    75.4646
Name: DT, Length: 9000, dtype: float64 